G	count	min	max	mean	mean2
0	1	0	0	0.00	0.00
1	0	255	0	0.00	0.00
2	0	255	0	0.00	0.00
3	0	255	0	0.00	0.00
4	0	255	0	0.00	0.00
5	0	255	0	0.00	0.00
6	0	255	0	0.00	0.00
7	0	255	0	0.00	0.00
8	0	255	0	0.00	0.00
9	0	255	0	0.00	0.00
10	2	12	20	16.25	282.13
11	4	17	22	19.63	387.81
12	9	11	23	16.33	280.61
13	10	12	27	18.20	348.35
14	23	14	28	20.85	447.47
15	24	14	29	21.54	480.33
16	29	15	31	23.22	557.73
17	33	16	29	23.05	546.34
18	40	16	40	24.95	646.30
19	56	18	42	27.04	766.13
20	61	18	42	28.61	853.31
21	71	19	43	29.06	879.32
22	78	20	44	31.17	1006.23
23	90	21	46	32.27	1081.73
24	92	22	47	32.96	1131.07
25	96	23	47	34.30	1218.05
26	102	24	51	35.02	1271.19
27	111	25	50	36.34	1365.42
28	113	26	53	37.32	1437.29
29	117	27	52	38.13	1495.88
30	130	27	55	39.76	1631.63
31	133	28	56	40.35	1677.87
32	130	29	57	41.19	1746.43
33	144	30	61	42.75	1879.18
34	143	31	63	43.27	1919.77
35	143	32	61	44.08	1991.97
36	151	33	65	45.46	2119.05
37	163	34	65	46.37	2199.65
38	150	35	66	46.99	2255.39
39	162	36	64	47.79	2330.95
40	163	37	66	49.36	2487.14
41	167	39	64	50.28	2572.72
42	175	39	71	51.25	2680.81
43	178	40	67	52.29	2780.90
44	181	41	73	52.98	2856.60
45	186	41	74	54.25	2998.79
46	189	42	74	55.19	3095.85
47	187	44	72	56.15	3199.87
48	196	44	77	57.12	3313.89
49	199	45	77	58.63	3489.50
50	201	46	78	59.42	3585.61
51	207	47	79	60.48	3712.65
52	205	49	80	61.52	3840.43
53	208	50	82	62.42	3949.51
54	213	50	83	63.63	4106.94
55	216	51	83	64.59	4228.88
56	211	52	84	65.36	4328.21
57	211	53	82	66.38	4457.94
58	215	55	86	67.61	4626.94
59	210	55	85	68.39	4732.19
60	213	56	88	69.41	4872.26
61	211	57	87	70.43	5012.16
62	216	58	88	71.50	5167.16
63	218	59	89	72.29	5276.95
64	216	61	90	73.79	5496.99
65	213	61	90	74.42	5587.86
66	213	62	92	75.47	5746.25
67	225	63	95	76.75	5946.01
68	219	64	94	77.58	6070.54
69	212	65	94	78.32	6183.83
70	215	65	93	79.37	6347.20
71	208	68	99	80.59	6541.81
72	204	68	97	81.42	6676.15
73	218	69	98	82.27	6816.99
74	212	70	99	82.89	6916.35
75	204	71	101	84.24	7143.52
76	212	72	101	85.23	7310.80
77	210	73	100	86.15	7467.28
78	207	73	103	87.10	7628.92
79	200	76	105	88.04	7790.60
80	203	76	105	89.29	8014.49
81	202	77	105	90.06	8152.67
82	211	78	106	90.84	8292.01
83	202	80	106	91.81	8469.09
84	205	80	108	92.52	8599.29
85	200	81	107	93.39	8757.97
86	195	81	109	94.65	8997.15
87	189	83	112	96.06	9264.61
88	188	85	113	96.79	9403.13
89	186	85	110	97.58	9555.84
90	190	86	112	98.42	9723.72
91	185	87	114	100.10	10059.87
92	201	88	115	100.91	10222.75
93	183	90	116	102.09	10459.14
94	182	90	116	102.60	10562.47
95	188	92	118	103.65	10781.27
96	191	93	119	104.61	10979.95
97	187	94	119	105.89	11251.51
98	175	96	121	106.67	11413.08
99	177	94	120	107.27	11541.71
100	187	96	121	108.26	11755.53
101	182	97	123	109.32	11987.52
102	182	97	123	110.24	12189.02
103	174	98	124	111.13	12384.59
104	166	100	125	111.93	12563.59
105	164	101	124	112.80	12756.31
106	159	103	126	114.16	13064.04
107	153	104	128	115.00	13256.98
108	152	104	127	115.38	13342.41
109	142	106	128	115.93	13467.30
110	142	107	128	116.81	13667.24
111	143	107	130	118.12	13978.63
112	151	109	130	118.83	14147.35
113	135	110	132	119.63	14338.74
114	132	111	132	119.62	14334.23
115	123	112	133	121.37	14756.71
116	115	113	133	121.87	14875.31
117	122	113	135	122.41	15008.11
118	108	115	133	123.20	15199.97
119	107	115	134	124.23	15455.59
120	106	116	136	125.06	15660.92
121	102	118	135	126.42	15999.61
122	90	119	136	127.21	16198.53
123	89	119	137	128.55	16543.72
124	98	121	140	129.17	16704.69
125	72	123	138	129.82	16868.39
126	78	124	140	131.29	17254.44
127	75	124	141	132.29	17520.31
128	59	126	140	133.36	17797.48
129	67	127	141	133.71	17890.38
130	59	128	142	134.58	18122.64
131	47	130	140	134.76	18167.54
132	33	131	141	135.65	18410.98
133	28	132	142	136.63	18674.96
134	14	133	142	138.18	19099.34
135	10	134	143	137.65	18956.33
136	16	135	147	140.50	19751.22
137	9	139	148	142.56	20329.06
138	7	140	143	142.36	20266.39
139	6	141	147	144.92	21005.63
140	6	142	148	144.75	20957.96
141	2	141	150	145.50	21190.50
142	0	255	0	0.00	0.00
143	1	145	145	145.00	21025.00
144	1	152	152	152.00	23104.00
145	3	147	152	149.83	22453.42
146	0	255	0	0.00	0.00
147	0	255	0	0.00	0.00
148	0	255	0	0.00	0.00
149	0	255	0	0.00	0.00
150	0	255	0	0.00	0.00
151	0	255	0	0.00	0.00
152	0	255	0	0.00	0.00
153	0	255	0	0.00	0.00
154	0	255	0	0.00	0.00
155	0	255	0	0.00	0.00
156	0	255	0	0.00	0.00
157	0	255	0	0.00	0.00
158	0	255	0	0.00	0.00
159	0	255	0	0.00	0.00
160	0	255	0	0.00	0.00
161	0	255	0	0.00	0.00
162	0	255	0	0.00	0.00
163	0	255	0	0.00	0.00
164	0	255	0	0.00	0.00
165	0	255	0	0.00	0.00
166	0	255	0	0.00	0.00
167	0	255	0	0.00	0.00
168	0	255	0	0.00	0.00
169	0	255	0	0.00	0.00
170	0	255	0	0.00	0.00
171	0	255	0	0.00	0.00
172	0	255	0	0.00	0.00
173	0	255	0	0.00	0.00
174	0	255	0	0.00	0.00
175	0	255	0	0.00	0.00
176	0	255	0	0.00	0.00
177	0	255	0	0.00	0.00
178	0	255	0	0.00	0.00
179	0	255	0	0.00	0.00
180	0	255	0	0.00	0.00
181	0	255	0	0.00	0.00
182	0	255	0	0.00	0.00
183	0	255	0	0.00	0.00
184	0	255	0	0.00	0.00
185	0	255	0	0.00	0.00
186	0	255	0	0.00	0.00
187	0	255	0	0.00	0.00
188	0	255	0	0.00	0.00
189	0	255	0	0.00	0.00
190	0	255	0	0.00	0.00
191	0	255	0	0.00	0.00
192	0	255	0	0.00	0.00
193	0	255	0	0.00	0.00
194	0	255	0	0.00	0.00
195	0	255	0	0.00	0.00
196	0	255	0	0.00	0.00
197	0	255	0	0.00	0.00
198	0	255	0	0.00	0.00
199	0	255	0	0.00	0.00
200	0	255	0	0.00	0.00
201	0	255	0	0.00	0.00
202	0	255	0	0.00	0.00
203	0	255	0	0.00	0.00
204	0	255	0	0.00	0.00
205	0	255	0	0.00	0.00
206	0	255	0	0.00	0.00
207	0	255	0	0.00	0.00
208	0	255	0	0.00	0.00
209	0	255	0	0.00	0.00
210	0	255	0	0.00	0.00
211	0	255	0	0.00	0.00
212	0	255	0	0.00	0.00
213	0	255	0	0.00	0.00
214	0	255	0	0.00	0.00
215	0	255	0	0.00	0.00
216	0	255	0	0.00	0.00
217	0	255	0	0.00	0.00
218	0	255	0	0.00	0.00
219	0	255	0	0.00	0.00
220	0	255	0	0.00	0.00
221	0	255	0	0.00	0.00
222	0	255	0	0.00	0.00
223	0	255	0	0.00	0.00
224	0	255	0	0.00	0.00
225	0	255	0	0.00	0.00
226	0	255	0	0.00	0.00
227	0	255	0	0.00	0.00
228	0	255	0	0.00	0.00
229	0	255	0	0.00	0.00
230	0	255	0	0.00	0.00
231	0	255	0	0.00	0.00
232	0	255	0	0.00	0.00
233	0	255	0	0.00	0.00
234	0	255	0	0.00	0.00
235	0	255	0	0.00	0.00
236	0	255	0	0.00	0.00
237	0	255	0	0.00	0.00
238	0	255	0	0.00	0.00
239	0	255	0	0.00	0.00
240	0	255	0	0.00	0.00
241	0	255	0	0.00	0.00
242	0	255	0	0.00	0.00
243	0	255	0	0.00	0.00
244	0	255	0	0.00	0.00
245	0	255	0	0.00	0.00
246	0	255	0	0.00	0.00
247	0	255	0	0.00	0.00
248	0	255	0	0.00	0.00
249	0	255	0	0.00	0.00
250	0	255	0	0.00	0.00
251	0	255	0	0.00	0.00
252	0	255	0	0.00	0.00
253	0	255	0	0.00	0.00
254	0	255	0	0.00	0.00
255	0	255	0	0.00	0.00
